0.265  0.819
0.266  0.794
0.267  0.769
0.265  0.744
0.264  0.719
0.262  0.694
0.262  0.669
0.262  0.642
0.261  0.616
0.261  0.591
0.261  0.566
0.264  0.542
0.264  0.517
0.267  0.493
0.27  0.469
0.268  0.443
0.268  0.418
0.268  0.393
0.268  0.368
0.268  0.343
0.268  0.318
0.268  0.291
0.268  0.265
0.268  0.24
0.27  0.215
0.271  0.19
0.267  0.214
0.267  0.24
0.267  0.265
0.267  0.292
0.267  0.317
0.267  0.342
0.267  0.367
0.267  0.392
0.267  0.418
0.267  0.443
0.267  0.468
0.267  0.493
0.267  0.518
0.265  0.544
0.265  0.569
0.287  0.558
0.307  0.544
0.326  0.528
0.34  0.508
0.355  0.488
0.373  0.471
0.391  0.454
0.409  0.436
0.426  0.418
0.445  0.402
0.463  0.385
0.483  0.371
0.5  0.352
0.517  0.333
0.534  0.314
0.552  0.297
0.57  0.28
0.589  0.263
0.607  0.246
0.626  0.231
0.645  0.214
0.663  0.197
0.641  0.208
0.626  0.227
0.609  0.247
0.59  0.265
0.572  0.283
0.555  0.301
0.536  0.317
0.518  0.335
0.5  0.353
0.481  0.369
0.463  0.386
0.451  0.409
0.434  0.427
0.414  0.441
0.431  0.459
0.447  0.478
0.464  0.497
0.48  0.517
0.497  0.536
0.51  0.557
0.522  0.578
0.537  0.598
0.552  0.617
0.567  0.637
0.58  0.658
0.589  0.681
0.602  0.702
0.617  0.721
0.636  0.738
0.651  0.758
0.663  0.779
0.677  0.8
0.694  0.818
