0.252  0.82
0.271  0.802
0.286  0.782
0.299  0.761
0.313  0.739
0.326  0.718
0.342  0.699
0.358  0.68
0.373  0.661
0.386  0.64
0.399  0.619
0.414  0.6
0.429  0.581
0.445  0.562
0.46  0.541
0.477  0.521
0.491  0.501
0.501  0.478
0.486  0.458
0.469  0.439
0.452  0.42
0.437  0.399
0.423  0.379
0.411  0.357
0.394  0.338
0.379  0.318
0.365  0.298
0.349  0.279
0.334  0.26
0.319  0.241
0.303  0.222
0.289  0.202
0.277  0.18
0.292  0.2
0.307  0.22
0.324  0.239
0.341  0.259
0.353  0.28
0.367  0.3
0.38  0.321
0.394  0.343
0.409  0.364
0.426  0.384
0.437  0.406
0.452  0.426
0.469  0.445
0.485  0.464
0.511  0.46
0.521  0.436
0.533  0.415
0.548  0.396
0.565  0.378
0.58  0.358
0.593  0.337
0.608  0.316
0.624  0.296
0.64  0.277
0.656  0.258
0.671  0.239
0.687  0.22
0.704  0.201
0.721  0.181
0.706  0.2
0.693  0.221
0.679  0.241
0.661  0.258
0.646  0.277
0.633  0.298
0.62  0.319
0.605  0.338
0.589  0.357
0.572  0.375
0.557  0.395
0.542  0.415
0.525  0.433
0.511  0.456
0.498  0.478
0.511  0.499
0.526  0.518
0.538  0.539
0.548  0.561
0.562  0.581
0.574  0.602
0.59  0.623
0.607  0.642
0.619  0.664
0.634  0.683
0.651  0.703
0.666  0.723
0.681  0.744
0.693  0.766
0.705  0.788
0.719  0.808
