0.268  0.794
0.268  0.769
0.268  0.744
0.267  0.719
0.267  0.694
0.268  0.669
0.27  0.644
0.272  0.619
0.273  0.592
0.274  0.565
0.27  0.541
0.265  0.517
0.263  0.492
0.263  0.467
0.264  0.442
0.267  0.418
0.266  0.393
0.266  0.368
0.265  0.343
0.264  0.318
0.264  0.292
0.268  0.268
0.27  0.242
0.268  0.217
0.292  0.21
0.317  0.21
0.341  0.213
0.366  0.215
0.391  0.217
0.416  0.219
0.441  0.219
0.466  0.219
0.491  0.217
0.516  0.215
0.542  0.217
0.566  0.225
0.589  0.234
0.612  0.243
0.631  0.258
0.648  0.276
0.663  0.296
0.676  0.317
0.691  0.337
0.701  0.36
0.707  0.384
0.71  0.408
0.714  0.432
0.715  0.458
0.717  0.483
0.72  0.507
0.721  0.532
0.721  0.557
0.717  0.581
0.71  0.605
0.705  0.629
0.699  0.653
0.691  0.676
0.678  0.698
0.659  0.715
0.64  0.73
0.619  0.743
0.599  0.76
0.579  0.774
0.556  0.783
0.532  0.786
0.508  0.789
0.484  0.792
0.459  0.793
0.434  0.791
0.409  0.79
0.384  0.79
0.36  0.786
0.335  0.784
0.31  0.784
0.284  0.786
