0.199  0.183
0.208  0.206
0.22  0.227
0.229  0.251
0.23  0.276
0.233  0.3
0.238  0.324
0.242  0.348
0.248  0.372
0.252  0.396
0.258  0.42
0.263  0.446
0.269  0.47
0.274  0.494
0.279  0.518
0.285  0.542
0.291  0.566
0.297  0.591
0.305  0.615
0.312  0.64
0.318  0.665
0.324  0.689
0.33  0.713
0.337  0.737
0.344  0.761
0.357  0.74
0.364  0.716
0.365  0.691
0.37  0.667
0.378  0.644
0.383  0.619
0.386  0.593
0.391  0.569
0.395  0.545
0.4  0.521
0.404  0.497
0.41  0.473
0.419  0.449
0.425  0.425
0.433  0.401
0.44  0.376
0.448  0.353
0.454  0.329
0.459  0.305
0.467  0.282
0.475  0.259
0.482  0.235
0.492  0.213
0.5  0.236
0.505  0.26
0.51  0.285
0.513  0.309
0.52  0.333
0.531  0.356
0.541  0.38
0.551  0.405
0.56  0.428
0.569  0.451
0.577  0.476
0.584  0.501
0.591  0.525
0.596  0.549
0.604  0.575
0.612  0.6
0.619  0.624
0.625  0.648
0.635  0.67
0.648  0.692
0.659  0.714
0.67  0.737
0.691  0.724
0.695  0.699
0.696  0.674
0.707  0.651
0.715  0.628
0.721  0.604
0.724  0.579
0.729  0.555
0.734  0.529
0.74  0.505
0.744  0.481
0.749  0.457
0.756  0.433
0.76  0.409
0.765  0.385
0.772  0.361
0.778  0.337
0.785  0.312
0.792  0.287
0.797  0.263
0.803  0.239
0.81  0.215
0.815  0.191
