0.279  0.211
0.304  0.212
0.329  0.212
0.354  0.212
0.379  0.212
0.404  0.213
0.429  0.213
0.454  0.213
0.479  0.213
0.504  0.213
0.529  0.213
0.554  0.213
0.579  0.213
0.604  0.213
0.629  0.213
0.655  0.213
0.68  0.213
0.706  0.213
0.701  0.237
0.685  0.256
0.67  0.276
0.653  0.296
0.636  0.314
0.62  0.333
0.603  0.353
0.587  0.372
0.568  0.391
0.552  0.411
0.539  0.432
0.526  0.453
0.512  0.474
0.495  0.493
0.478  0.512
0.462  0.533
0.447  0.553
0.433  0.573
0.417  0.592
0.399  0.612
0.383  0.632
0.366  0.65
0.351  0.669
0.336  0.688
0.32  0.709
0.307  0.731
0.293  0.751
0.278  0.77
0.26  0.787
0.284  0.793
0.31  0.793
0.335  0.793
0.361  0.791
0.386  0.79
0.411  0.787
0.437  0.783
0.462  0.782
0.487  0.782
0.512  0.782
0.537  0.781
0.562  0.78
0.587  0.78
0.612  0.78
0.639  0.782
0.664  0.785
0.689  0.788
0.715  0.788
0.74  0.788
