0.57  0.324074074074
0.588  0.307407407407
0.594  0.283333333333
0.592  0.257407407407
0.582  0.233333333333
0.566  0.214814814815
0.544  0.201851851852
0.52  0.196296296296
0.496  0.201851851852
0.472  0.209259259259
0.45  0.22037037037
0.43  0.237037037037
0.416  0.257407407407
0.406  0.27962962963
0.404  0.303703703704
0.404  0.32962962963
0.402  0.353703703704
0.398  0.377777777778
0.398  0.403703703704
0.4  0.427777777778
0.402  0.451851851852
0.41  0.475925925926
0.42  0.498148148148
0.434  0.518518518519
0.458  0.527777777778
0.482  0.522222222222
0.506  0.514814814815
0.526  0.5
0.534  0.475925925926
0.544  0.451851851852
0.554  0.42962962963
0.562  0.405555555556
0.564  0.381481481481
0.568  0.357407407407
0.57  0.333333333333
0.572  0.309259259259
0.578  0.285185185185
0.596  0.301851851852
0.604  0.327777777778
0.614  0.35
0.624  0.374074074074
0.63  0.398148148148
0.64  0.424074074074
0.65  0.446296296296
0.66  0.474074074074
0.67  0.496296296296
0.68  0.518518518519
0.692  0.540740740741
