0.564  0.287037037037
0.556  0.262962962963
0.536  0.248148148148
0.512  0.240740740741
0.486  0.238888888889
0.46  0.238888888889
0.436  0.246296296296
0.414  0.261111111111
0.396  0.277777777778
0.38  0.298148148148
0.362  0.318518518519
0.346  0.342592592593
0.332  0.364814814815
0.32  0.387037037037
0.31  0.411111111111
0.302  0.435185185185
0.3  0.461111111111
0.3  0.488888888889
0.306  0.514814814815
0.312  0.538888888889
0.322  0.562962962963
0.326  0.588888888889
0.336  0.612962962963
0.346  0.635185185185
0.358  0.659259259259
0.374  0.677777777778
0.398  0.685185185185
0.422  0.677777777778
0.442  0.662962962963
0.462  0.646296296296
0.478  0.627777777778
0.494  0.607407407407
0.508  0.585185185185
0.522  0.564814814815
0.536  0.542592592593
0.546  0.518518518519
0.558  0.496296296296
0.564  0.472222222222
0.57  0.448148148148
0.574  0.424074074074
0.576  0.4
0.578  0.375925925926
0.578  0.35
0.576  0.325925925926
0.578  0.301851851852
0.578  0.327777777778
0.582  0.357407407407
0.592  0.381481481481
0.604  0.411111111111
0.614  0.437037037037
0.624  0.461111111111
0.638  0.485185185185
0.648  0.507407407407
0.656  0.531481481481
0.666  0.553703703704
0.676  0.575925925926
0.684  0.6
0.694  0.624074074074
0.704  0.646296296296
