0.651  0.055
0.631  0.04
0.609  0.028
0.585  0.025
0.572  0.046
0.57  0.071
0.546  0.075
0.526  0.09
0.51  0.109
0.486  0.114
0.462  0.111
0.438  0.117
0.448  0.139
0.454  0.163
0.436  0.18
0.411  0.182
0.388  0.174
0.365  0.166
0.344  0.154
0.322  0.144
0.307  0.163
0.296  0.185
0.286  0.207
0.273  0.228
0.254  0.243
0.235  0.258
0.216  0.273
0.194  0.284
0.172  0.294
0.154  0.311
0.156  0.336
0.175  0.351
0.199  0.355
0.224  0.357
0.245  0.37
0.251  0.394
0.244  0.418
0.228  0.437
0.238  0.459
0.22  0.476
0.2  0.49
0.185  0.509
0.186  0.534
0.2  0.554
0.216  0.573
0.237  0.56
0.252  0.579
0.277  0.581
0.302  0.583
0.326  0.587
0.333  0.611
0.325  0.634
0.328  0.658
0.333  0.682
0.342  0.705
0.318  0.712
0.295  0.704
0.287  0.727
0.308  0.74
0.32  0.761
0.319  0.786
0.328  0.809
0.336  0.832
0.322  0.853
0.307  0.872
0.297  0.895
0.296  0.92
0.304  0.943
0.325  0.955
0.348  0.947
0.369  0.935
0.393  0.929
0.417  0.923
0.439  0.912
0.46  0.9
0.483  0.892
0.507  0.887
0.531  0.894
0.556  0.894
0.579  0.885
0.601  0.875
0.607  0.851
0.612  0.827
0.615  0.803
0.614  0.778
0.591  0.769
0.576  0.75
0.579  0.726
0.588  0.703
0.589  0.678
0.585  0.654
0.574  0.632
0.562  0.611
0.551  0.589
0.538  0.568
0.528  0.546
0.519  0.523
0.516  0.499
0.508  0.475
0.49  0.458
0.471  0.442
0.45  0.428
0.466  0.409
0.458  0.386
0.452  0.362
0.464  0.341
0.488  0.335
0.512  0.328
0.535  0.32
0.545  0.298
0.564  0.283
0.583  0.268
0.603  0.254
0.624  0.241
0.646  0.23
0.641  0.206
0.635  0.182
0.63  0.158
0.637  0.134
0.648  0.112
0.658  0.09
0.678  0.076
0.659  0.06
