0.0	0.0
0.013513513369	0.0270270270443
0.0270270269361	0.0540540540886
0.0405405405031	0.0810810811329
0.0540540540701	0.108108108177
0.0675675674391	0.135135135062
0.0810810810062	0.162162162106
0.0945945945732	0.18918918915
0.108108107942	0.216216216195
0.121621621509	0.243243243239
0.135135135076	0.270270270283
0.148648648643	0.297297297328
0.162162162012	0.324324324372
0.175675675579	0.351351351416
0.189189189146	0.378378378301
0.202702702713	0.405405405345
0.216216216082	0.432432432389
0.229729729649	0.459459459434
0.243243243216	0.486486486478
0.256756756784	0.513513513522
0.270270270153	0.540540540566
0.28378378372	0.567567567611
0.297297297287	0.594594594655
0.310810810854	0.621621621699
0.324324324223	0.648648648584
0.33783783779	0.675675675628
0.351351351357	0.702702702672
0.364864864726	0.729729729717
0.378378378293	0.756756756761
0.39189189186	0.783783783805
0.405405405427	0.81081081085
0.418918918796	0.837837837894
0.432432432363	0.864864864938
0.44594594593	0.891891891983
0.459459459497	0.918918918867
0.472972972866	0.945945945911
0.486486486433	0.972972972956
0.5	1.0
0.513513513567	0.972972972956
0.527027026936	0.945945945911
0.540540540503	0.918918918867
0.55405405407	0.891891891983
0.567567567439	0.864864864938
0.581081081006	0.837837837894
0.594594594573	0.81081081085
0.60810810814	0.783783783805
0.621621621509	0.756756756761
0.635135135076	0.729729729717
0.648648648643	0.702702702672
0.66216216221	0.675675675628
0.675675675579	0.648648648584
0.689189189146	0.621621621699
0.702702702713	0.594594594655
0.71621621628	0.567567567611
0.729729729649	0.540540540566
0.743243243216	0.513513513522
0.756756756784	0.486486486478
0.770270270153	0.459459459434
0.78378378372	0.432432432389
0.797297297287	0.405405405345
0.810810810854	0.378378378301
0.824324324223	0.351351351416
0.83783783779	0.324324324372
0.851351351357	0.297297297328
0.864864864924	0.270270270283
0.878378378293	0.243243243239
0.89189189186	0.216216216195
0.905405405427	0.18918918915
0.918918918994	0.162162162106
0.932432432363	0.135135135062
0.94594594593	0.108108108177
0.959459459497	0.0810810811329
0.972972972866	0.0540540540886
0.986486486433	0.0270270270443
1.0	0.0
