0.248  0.185
0.263  0.205
0.281  0.225
0.294  0.246
0.309  0.268
0.323  0.288
0.338  0.308
0.349  0.331
0.36  0.355
0.371  0.378
0.383  0.399
0.397  0.419
0.411  0.442
0.426  0.462
0.441  0.482
0.455  0.502
0.469  0.522
0.483  0.543
0.49  0.567
0.49  0.592
0.49  0.617
0.49  0.642
0.49  0.667
0.49  0.692
0.49  0.718
0.49  0.743
0.49  0.768
0.49  0.793
0.49  0.818
0.494  0.794
0.496  0.769
0.496  0.744
0.491  0.718
0.489  0.693
0.489  0.668
0.488  0.642
0.487  0.617
0.489  0.592
0.49  0.567
0.492  0.541
0.504  0.52
0.516  0.499
0.528  0.478
0.541  0.457
0.554  0.436
0.568  0.416
0.584  0.397
0.598  0.376
0.611  0.355
0.625  0.334
0.638  0.313
0.652  0.292
0.666  0.272
0.681  0.252
0.698  0.232
0.712  0.211
0.726  0.191
