0.287  0.815
0.292  0.789
0.292  0.764
0.292  0.739
0.287  0.715
0.286  0.69
0.285  0.665
0.285  0.64
0.285  0.615
0.285  0.59
0.289  0.566
0.292  0.542
0.291  0.517
0.291  0.492
0.292  0.467
0.295  0.443
0.296  0.418
0.296  0.393
0.295  0.368
0.293  0.343
0.291  0.318
0.291  0.293
0.291  0.267
0.291  0.242
0.291  0.217
0.31  0.201
0.335  0.201
0.36  0.201
0.385  0.201
0.41  0.201
0.435  0.201
0.46  0.201
0.486  0.201
0.511  0.201
0.535  0.204
0.559  0.208
0.584  0.213
0.608  0.219
0.632  0.226
0.653  0.238
0.671  0.255
0.682  0.277
0.693  0.299
0.695  0.324
0.699  0.348
0.7  0.373
0.7  0.398
0.692  0.422
0.678  0.443
0.662  0.462
0.647  0.481
0.628  0.496
0.605  0.504
0.58  0.511
0.557  0.519
0.533  0.523
0.508  0.525
0.482  0.525
0.457  0.525
0.431  0.525
0.406  0.525
0.38  0.525
0.355  0.525
0.329  0.525
0.304  0.525
0.28  0.529
