0.735  0.352
0.732  0.328
0.719  0.307
0.709  0.285
0.694  0.265
0.676  0.248
0.658  0.231
0.635  0.218
0.612  0.209
0.588  0.205
0.564  0.202
0.537  0.202
0.513  0.199
0.488  0.199
0.464  0.207
0.44  0.211
0.416  0.218
0.392  0.222
0.373  0.237
0.354  0.252
0.333  0.266
0.315  0.283
0.303  0.305
0.287  0.324
0.275  0.346
0.267  0.369
0.26  0.393
0.253  0.417
0.246  0.441
0.242  0.465
0.242  0.49
0.241  0.515
0.241  0.54
0.247  0.564
0.252  0.588
0.255  0.612
0.263  0.635
0.271  0.658
0.285  0.678
0.299  0.698
0.314  0.719
0.333  0.735
0.355  0.746
0.375  0.761
0.397  0.771
0.419  0.783
0.442  0.791
0.466  0.795
0.491  0.795
0.516  0.802
0.541  0.804
0.567  0.804
0.591  0.799
0.612  0.786
0.636  0.78
0.66  0.775
0.681  0.763
0.705  0.755
0.724  0.739
0.741  0.719
0.754  0.698
0.753  0.673
0.753  0.647
0.753  0.622
0.753  0.597
0.753  0.572
0.753  0.547
0.75  0.523
0.724  0.524
0.699  0.524
0.674  0.525
0.649  0.525
0.624  0.527
0.599  0.528
0.574  0.528
0.549  0.527
0.524  0.53
