0.223  0.819
0.223  0.794
0.223  0.769
0.224  0.743
0.224  0.718
0.226  0.692
0.226  0.667
0.224  0.642
0.221  0.617
0.223  0.592
0.225  0.567
0.225  0.542
0.225  0.517
0.225  0.491
0.225  0.466
0.227  0.441
0.227  0.416
0.227  0.391
0.228  0.365
0.228  0.34
0.23  0.315
0.231  0.29
0.234  0.265
0.238  0.241
0.244  0.217
0.247  0.193
0.269  0.205
0.281  0.227
0.291  0.249
0.303  0.272
0.313  0.295
0.323  0.317
0.332  0.34
0.34  0.363
0.347  0.387
0.355  0.41
0.361  0.434
0.37  0.458
0.375  0.482
0.381  0.507
0.389  0.532
0.395  0.556
0.403  0.579
0.411  0.603
0.42  0.626
0.43  0.648
0.438  0.671
0.445  0.695
0.456  0.717
0.466  0.739
0.479  0.761
0.493  0.782
0.516  0.773
0.524  0.75
0.53  0.725
0.538  0.701
0.545  0.677
0.551  0.653
0.559  0.629
0.562  0.605
0.568  0.581
0.576  0.557
0.583  0.533
0.591  0.509
0.594  0.485
0.607  0.464
0.616  0.441
0.624  0.417
0.635  0.395
0.647  0.374
0.659  0.353
0.67  0.331
0.681  0.309
0.695  0.289
0.706  0.266
0.717  0.244
0.731  0.223
0.746  0.203
0.76  0.223
0.764  0.248
0.766  0.273
0.768  0.298
0.768  0.324
0.769  0.349
0.769  0.374
0.769  0.401
0.769  0.426
0.769  0.451
0.769  0.476
0.769  0.501
0.769  0.527
0.769  0.552
0.769  0.577
0.769  0.604
0.769  0.629
0.766  0.654
0.764  0.68
0.762  0.705
0.762  0.73
0.762  0.756
0.762  0.781
0.763  0.806
