0.333  0.183
0.336  0.207
0.336  0.232
0.336  0.258
0.334  0.283
0.334  0.308
0.334  0.333
0.334  0.358
0.334  0.383
0.334  0.408
0.334  0.433
0.333  0.459
0.333  0.484
0.336  0.508
0.336  0.534
0.334  0.559
0.334  0.585
0.334  0.61
0.336  0.635
0.336  0.66
0.336  0.685
0.335  0.711
0.334  0.736
0.334  0.761
0.334  0.786
0.359  0.79
0.384  0.79
0.41  0.79
0.435  0.792
0.461  0.792
0.486  0.794
0.513  0.794
0.538  0.794
0.563  0.795
0.588  0.795
0.614  0.795
0.638  0.79
0.662  0.787
0.687  0.787
