0.277  0.174
0.277  0.199
0.278  0.224
0.281  0.248
0.282  0.273
0.284  0.298
0.283  0.323
0.278  0.349
0.277  0.374
0.277  0.399
0.277  0.424
0.277  0.449
0.277  0.475
0.277  0.5
0.277  0.525
0.277  0.55
0.277  0.575
0.278  0.601
0.281  0.625
0.291  0.648
0.301  0.671
0.309  0.694
0.321  0.716
0.338  0.736
0.357  0.754
0.379  0.768
0.403  0.775
0.427  0.781
0.451  0.786
0.475  0.791
0.5  0.793
0.525  0.793
0.55  0.789
0.574  0.781
0.598  0.772
0.62  0.76
0.639  0.745
0.659  0.73
0.671  0.709
0.682  0.687
0.689  0.663
0.692  0.639
0.697  0.615
0.704  0.59
0.711  0.565
0.711  0.54
0.712  0.515
0.712  0.49
0.712  0.465
0.712  0.437
0.712  0.412
0.707  0.388
0.705  0.363
0.705  0.337
0.705  0.312
0.705  0.286
0.705  0.261
0.705  0.236
0.705  0.211
0.705  0.186
