0.283  0.809
0.283  0.784
0.281  0.759
0.281  0.734
0.283  0.709
0.283  0.684
0.282  0.658
0.281  0.633
0.28  0.608
0.279  0.583
0.278  0.558
0.28  0.531
0.283  0.507
0.287  0.483
0.287  0.457
0.29  0.433
0.288  0.406
0.286  0.381
0.284  0.356
0.284  0.331
0.284  0.306
0.284  0.28
0.284  0.255
0.284  0.23
0.284  0.205
0.284  0.18
0.278  0.204
0.278  0.229
0.278  0.254
0.281  0.278
0.283  0.303
0.283  0.328
0.283  0.353
0.283  0.379
0.28  0.403
0.279  0.429
0.278  0.454
0.288  0.476
0.312  0.481
0.337  0.484
0.362  0.484
0.388  0.484
0.413  0.484
0.439  0.484
0.464  0.484
0.49  0.484
0.515  0.484
0.541  0.484
0.566  0.484
0.592  0.484
0.617  0.484
0.643  0.484
0.668  0.482
0.694  0.482
0.71  0.463
0.708  0.438
0.705  0.414
0.702  0.388
0.702  0.363
0.702  0.338
0.702  0.313
0.702  0.288
0.701  0.262
0.704  0.237
0.704  0.212
0.705  0.186
0.706  0.211
0.706  0.237
0.706  0.263
0.706  0.289
0.706  0.314
0.705  0.339
0.705  0.364
0.704  0.389
0.702  0.415
0.702  0.44
0.701  0.465
0.701  0.49
0.701  0.515
0.7  0.541
0.7  0.566
0.702  0.591
0.704  0.617
0.705  0.642
0.707  0.668
0.707  0.695
0.704  0.719
0.704  0.744
0.704  0.77
0.704  0.796
0.704  0.821
