0.0	1.0
0.0	0.959999999941
0.0	0.920000000046
0.0	0.879999999987
0.0	0.839999999928
0.0	0.800000000033
0.0	0.759999999974
0.0	0.720000000079
0.0	0.68000000002
0.0	0.63999999996
0.0	0.600000000066
0.0	0.560000000007
0.0	0.519999999947
0.0	0.480000000053
0.0	0.439999999993
0.0	0.399999999934
0.0	0.36000000004
0.0	0.31999999998
0.0	0.280000000086
0.0	0.240000000026
0.0	0.199999999967
0.0	0.160000000072
0.0	0.120000000013
0.0	0.0799999999539
0.0	0.0400000000593
0.0	0.0
0.0432027260855	0.0
0.0864054521712	0.0
0.129608178257	0.0
0.172810904342	0.0
0.216013630427	0.0
0.259216356513	0.0
0.302419082598	0.0
0.345621808684	0.0
0.38882453477	0.0
0.432027260855	0.0
0.475229986941	0.0
0.518432713026	0.0
0.561425345274	0.00141048651778
0.603164765453	0.0115425325753
0.642434292199	0.0281007941522
0.678089240181	0.0506026070281
0.709090286816	0.0783920555943
0.734533768607	0.110659092547
0.753678021826	0.146463151102
0.765965001862	0.184760562605
0.771036549738	0.22443497794
0.768744832706	0.264329909611
0.759156653078	0.303282442046
0.74255150095	0.340157129821
0.719413407877	0.373879095775
0.690416836356	0.403465363202
0.656407020822	0.428053508057
0.618375329116	0.446926799587
0.577430364234	0.459535091369
0.53476564973	0.465510858482
0.507632031593	0.485999999971
0.0	0.485999999971
0.0432027260855	0.485999999971
0.0864054521712	0.485999999971
0.129608178257	0.485999999971
0.172810904342	0.485999999971
0.216013630427	0.485999999971
0.259216356513	0.485999999971
0.302419082598	0.485999999971
0.345621808684	0.485999999971
0.38882453477	0.485999999971
0.432027260855	0.485999999971
0.475229986941	0.485999999971
0.492323145514	0.511485999959
0.509416304086	0.536971999947
0.526509462835	0.562457999935
0.543602621408	0.587943999923
0.560695779981	0.613430000076
0.577788938554	0.638916000064
0.594882097126	0.664402000053
0.611975255699	0.689888000041
0.629068414272	0.715374000029
0.646161572845	0.740860000017
0.663254731418	0.766346000005
0.68034788999	0.791831999993
0.697441048563	0.817317999981
0.714534207136	0.842803999969
0.731627365709	0.868289999957
0.748720524282	0.893775999946
0.765813682854	0.919261999934
0.782906841427	0.944747999922
0.8	0.970234000075
