0.635  0.738
0.616  0.754
0.591  0.762
0.568  0.77
0.544  0.773
0.519  0.774
0.495  0.777
0.47  0.779
0.446  0.774
0.421  0.765
0.398  0.756
0.374  0.751
0.352  0.74
0.333  0.724
0.312  0.711
0.299  0.69
0.281  0.672
0.268  0.65
0.257  0.628
0.246  0.605
0.236  0.582
0.234  0.557
0.23  0.533
0.228  0.508
0.226  0.483
0.223  0.459
0.223  0.434
0.223  0.409
0.223  0.384
0.226  0.36
0.238  0.337
0.251  0.316
0.261  0.294
0.277  0.275
0.294  0.256
0.312  0.238
0.332  0.223
0.354  0.211
0.377  0.203
0.401  0.196
0.425  0.189
0.449  0.185
0.474  0.185
0.499  0.185
0.524  0.185
0.549  0.186
0.573  0.194
0.595  0.205
0.618  0.213
0.637  0.229
0.659  0.241
0.677  0.259
0.694  0.278
0.707  0.299
0.718  0.321
0.725  0.345
0.735  0.368
0.742  0.392
0.744  0.417
0.748  0.441
0.748  0.466
0.748  0.491
0.748  0.516
0.748  0.542
0.748  0.567
0.739  0.59
0.728  0.615
0.718  0.638
0.706  0.659
0.694  0.681
0.679  0.7
0.661  0.717
0.642  0.732
0.622  0.717
0.6  0.704
0.577  0.694
0.555  0.683
0.534  0.671
0.512  0.658
0.536  0.665
0.557  0.678
0.58  0.686
0.601  0.699
0.62  0.716
0.639  0.733
0.66  0.746
0.682  0.759
0.701  0.774
0.722  0.787
0.743  0.8
0.767  0.809
0.791  0.817
