0.718  0.344
0.711  0.319
0.699  0.297
0.683  0.276
0.67  0.255
0.653  0.237
0.631  0.226
0.608  0.215
0.584  0.208
0.559  0.205
0.535  0.201
0.511  0.198
0.487  0.204
0.463  0.211
0.436  0.213
0.412  0.217
0.39  0.227
0.368  0.241
0.35  0.258
0.331  0.275
0.314  0.294
0.299  0.314
0.289  0.337
0.279  0.359
0.271  0.383
0.268  0.407
0.265  0.431
0.262  0.455
0.26  0.481
0.26  0.506
0.258  0.532
0.258  0.557
0.259  0.582
0.268  0.607
0.276  0.63
0.286  0.653
0.296  0.675
0.309  0.697
0.326  0.716
0.343  0.734
0.362  0.749
0.381  0.764
0.402  0.779
0.423  0.792
0.446  0.801
0.47  0.808
0.494  0.811
0.518  0.815
0.544  0.814
0.568  0.807
0.59  0.795
0.612  0.785
0.633  0.773
0.651  0.756
0.666  0.737
0.683  0.718
0.7  0.697
0.711  0.675
0.72  0.652
0.721  0.627
