0.494  0.821
0.494  0.795
0.494  0.77
0.494  0.745
0.494  0.719
0.494  0.694
0.492  0.668
0.488  0.644
0.488  0.619
0.488  0.593
0.488  0.566
0.488  0.541
0.489  0.515
0.49  0.489
0.491  0.464
0.491  0.439
0.491  0.413
0.491  0.388
0.491  0.363
0.491  0.338
0.491  0.313
0.491  0.287
0.491  0.262
0.492  0.237
0.488  0.213
0.463  0.211
0.438  0.211
0.413  0.211
0.387  0.211
0.362  0.211
0.335  0.211
0.31  0.211
0.285  0.212
0.261  0.215
0.286  0.213
0.312  0.211
0.337  0.211
0.362  0.211
0.388  0.211
0.413  0.211
0.438  0.21
0.463  0.21
0.489  0.21
0.514  0.21
0.54  0.21
0.566  0.21
0.591  0.21
0.617  0.21
0.642  0.21
0.667  0.21
0.694  0.212
0.719  0.212
0.744  0.213
