0.317  0.81
0.319  0.785
0.322  0.761
0.322  0.736
0.322  0.711
0.321  0.686
0.32  0.66
0.317  0.636
0.316  0.611
0.319  0.587
0.322  0.563
0.323  0.538
0.325  0.512
0.327  0.487
0.352  0.487
0.378  0.487
0.403  0.487
0.429  0.487
0.454  0.487
0.478  0.491
0.502  0.494
0.528  0.494
0.554  0.492
0.578  0.488
0.603  0.488
0.628  0.487
0.653  0.487
0.629  0.49
0.604  0.49
0.579  0.49
0.554  0.488
0.529  0.487
0.504  0.487
0.479  0.487
0.454  0.487
0.429  0.487
0.403  0.485
0.378  0.482
0.353  0.482
0.327  0.482
0.316  0.46
0.316  0.435
0.316  0.41
0.316  0.385
0.316  0.36
0.316  0.335
0.319  0.311
0.321  0.286
0.317  0.262
0.317  0.237
0.317  0.212
0.341  0.209
0.366  0.209
0.391  0.21
0.415  0.213
0.441  0.213
0.466  0.212
0.492  0.21
0.516  0.213
0.541  0.214
0.567  0.216
0.592  0.216
0.617  0.214
0.642  0.216
0.667  0.217
0.692  0.215
